`.Random.seed` <-
c(403L, 248L, 1943584748L, -496199485L, -1662213855L, -1827092946L, 
503020944L, 2119163611L, -435693445L, -79399090L, 272546151L, 
892623469L, -548975477L, -310206652L, -1057076345L, 365351663L, 
-1841157002L, 1614520170L, -865830356L, -251601403L, -1126626475L, 
-1648630717L, -1065959009L, 2062140742L, 1756551190L, 673932921L, 
246000368L, 2054884061L, -1027835535L, 914892765L, 1443580177L, 
926191030L, -1450832567L, 109956025L, -319842146L, -318253603L, 
-1052503858L, -137922542L, -1069537469L, 1631277097L, -280187193L, 
645345071L, 1472421183L, 399084212L, 440392314L, -1319400811L, 
-403958896L, -438684076L, 1076551163L, 1471432323L, -1049899524L, 
826242072L, 2113813555L, 2055453402L, 1840843051L, -852522404L, 
1503467528L, -451879156L, -1150923382L, -1605148649L, -1068998860L, 
1276685149L, -248384192L, 1397814493L, 1295850984L, -465239085L, 
-1968950399L, 902887758L, -2038690635L, -784073061L, -1321936265L, 
1492105735L, 2032639324L, 1094450198L, -1973440144L, 1797700546L, 
-2053042223L, -1624730408L, -1831821204L, 1251297935L, -1644939652L, 
-1481336848L, 1595801398L, 1353398153L, -1290681255L, 1823937610L, 
-1172797874L, 690003959L, 1981221359L, 1438408164L, -688767515L, 
1032973279L, -1832275611L, 324056891L, -265082085L, 1493949096L, 
-2127522055L, -771079036L, 558462968L, -258961249L, -543972256L, 
-548427812L, 184016945L, 490059559L, -448510139L, 770836711L, 
-985705915L, 464959828L, 711899353L, 1933082509L, 1540187078L, 
1696785471L, 444032146L, -82446942L, 20634834L, 1482283067L, 
-1023037433L, -350898326L, -1043228303L, -1058079456L, 1775229802L, 
-906141168L, -306096035L, -2043860621L, -1787347563L, -579438570L, 
-311934740L, 1380177713L, 2094646236L, 1982887694L, 1217439581L, 
-1899829717L, 1057235554L, 1694052062L, -472436044L, 1548185765L, 
1628768694L, 1089058341L, 1881111589L, 125908108L, 1155762069L, 
37650915L, 608408516L, 123135243L, -752338758L, 1902497483L, 
-1368643601L, -1802432571L, -1351347058L, 1130046376L, 1118593277L, 
1710237868L, -1056710075L, -1083776496L, -1851858549L, 1708844314L, 
-1557392351L, -1996472609L, 877946742L, 1329538148L, -401607208L, 
436109943L, 495192485L, -751079425L, -122636980L, -1255198688L, 
-1553328451L, -176732005L, 339912732L, -1269141349L, -433973296L, 
-1946073006L, -1920776396L, -181115122L, -665043152L, -31128819L, 
-1771227711L, 260806375L, 1879378460L, -780700717L, 486554808L, 
1813899193L, -1016290256L, 1288848231L, 1335379183L, 403991690L, 
1090304229L, -1053138136L, -557619531L, 84071913L, 1349568283L, 
-2079425292L, 1718796622L, 2041279081L, -1798576540L, 1866342607L, 
527568955L, 392683621L, 1333139250L, 156270657L, -498460231L, 
-1069219507L, -513240808L, 1398238501L, -476714290L, -1591790631L, 
125436175L, -1105134230L, 2126445260L, -442262426L, 653183722L, 
-1219991463L, 163920737L, 2087874819L, -693132242L, -16983273L, 
249546997L, -1217737343L, -9086405L, 1276364856L, 1684224023L, 
1544672969L, 495658265L, -630826841L, -1963186575L, -1811206579L, 
-810039560L, 149988401L, 109197306L, -40279068L, -1357271793L, 
463735379L, -542653725L, 730285889L, 1926665564L, -482212698L, 
1670368433L, -491863329L, 560455504L, -1102308402L, -1746441393L, 
1675893823L, -284317410L, 1573455646L, 1463187049L, -1676667463L, 
1380101950L, -943994652L, -976436523L, 1927093966L, 218983128L, 
1915818711L, -1396908894L, -1299838237L, -1590604806L, 37167067L, 
-421459758L, 1498825427L, -333277204L, -2016586975L, 2052433630L, 
19645198L, 35046670L, -421733625L, -1236341941L, -1880243393L, 
-1256345140L, -1780623459L, -2005825953L, 1347571925L, -1460609891L, 
-1742056814L, -222324769L, 1594570929L, 1772691741L, 56373351L, 
-1098696092L, -2007036364L, -1116149913L, 1886246997L, 1070754573L, 
-598853822L, -2059865996L, -1115008252L, 252677753L, -1894748692L, 
-498891088L, -511691652L, -1946925549L, 1415985639L, -1743208068L, 
1449734892L, 1622122989L, -693377986L, 2041003676L, -1356269516L, 
-1884517332L, 116468726L, 602457129L, -645121547L, 245265193L, 
1707770231L, -857513933L, 1412762996L, 863530709L, -498344597L, 
-395764865L, 1568470942L, 939169294L, -1982098612L, -486332808L, 
430800229L, -1660875058L, -1949786509L, -465454885L, 511107125L, 
1276212546L, 888784908L, 120643016L, 617355055L, -1036067544L, 
510023767L, 286061428L, 1390805292L, -1007212453L, 1683606315L, 
-1324781444L, 167271860L, -2123870679L, -1369791301L, -2133899150L, 
-1889648138L, 632839882L, 13283287L, -38919497L, 1997044274L, 
-1318302505L, 186986239L, 1856126453L, 1591017468L, -1199390576L, 
451375473L, -1663151483L, 1998722148L, 1009662578L, 530314456L, 
910628370L, -1143193303L, -801612650L, 1215599874L, 2077218557L, 
390089483L, 1779402886L, 1158600383L, 1016990781L, 1164439666L, 
-1574347391L, -183534064L, -1554242620L, 982023096L, -936432167L, 
1717597772L, 652200536L, -707676649L, -1738342726L, -1067965416L, 
-910623402L, 96826265L, -886712431L, -233794548L, -1981711631L, 
1662245186L, 1615027422L, 1422929909L, 1824414623L, 1280153294L, 
313715421L, 636277822L, -419468904L, -2022012903L, -1780036004L, 
-1196635383L, 389935545L, 594367112L, -1222725680L, 307006282L, 
-1457967206L, -599557356L, -771786541L, -1852329263L, 1634937095L, 
225089418L, -276749746L, 818145452L, 1113924370L, 1711132745L, 
272050011L, 52702014L, 19710152L, -1872584080L, -808951288L, 
1755902260L, 1574137245L, -1623032381L, 1563899092L, -737460867L, 
1382222597L, 676294803L, -837048898L, 1339521457L, -2070989607L, 
1429549125L, -1547428662L, 157563789L, 2007638952L, -955213920L, 
1933778691L, -858408459L, -36160693L, 358489993L, -490015784L, 
1669331178L, 820034304L, -1149354477L, 552673285L, 1965215272L, 
-443791435L, -649994434L, 1750177000L, 1359294606L, -1271243195L, 
-998824991L, 1898681583L, -342419316L, -1005356157L, -2131622465L, 
1028121757L, 1349057572L, 2123082631L, -1785222834L, 2074922087L, 
-56833828L, 1286825532L, -192532426L, 166557080L, -1021898618L, 
1238836405L, 1805401254L, -1747441909L, -624389859L, -1690400372L, 
-1649318726L, -528167492L, 2118029141L, -1460171076L, -111924756L, 
1975053120L, -1531175511L, -2144490038L, 1216724091L, 151050505L, 
2076686908L, 1190057645L, -203133764L, -885924928L, -1130641923L, 
970949489L, -1742687680L, -786955243L, 1338284409L, 1714614407L, 
-740515312L, -1073799702L, -66114208L, 2048593966L, 698605551L, 
766323327L, 1181979315L, -1295723611L, -1816324495L, 1197323518L, 
604875214L, 1189970637L, -158480672L, -685756304L, -1228864057L, 
396360703L, 1478636213L, -1565593333L, -386997790L, -1520064193L, 
2082836517L, 1959904265L, 1129009172L, -620725189L, -576057159L, 
674429412L, -495858148L, 820158373L, -1338090158L, 1504370261L, 
246871259L, 464890129L, 2137130455L, 127764711L, 1247347088L, 
240569856L, -55070948L, 1239849005L, 67012573L, 420947713L, 573195254L, 
377203559L, 1844407343L, 2038760391L, 1330019347L, -1543213230L, 
133990455L, -1726258393L, 403732427L, 1498726587L, -1105349017L, 
-1074814971L, 789289077L, -978600326L, -481597935L, 2143717543L, 
474747368L, -463087045L, -1634615193L, -1100156333L, -335417688L, 
1781977267L, 1408232735L, -1552278265L, -260647099L, -1289954104L, 
-692951247L, 463289589L, -1241272797L, 1630098968L, -1235052821L, 
362492749L, -2024596672L, 1673290316L, -149448975L, -1786094633L, 
-746088797L, 2012579840L, 1924898041L, -1151371619L, 882062335L, 
1849210204L, -433431807L, 748810302L, 387454450L, 2084673880L, 
-326877363L, -632043897L, -1361186505L, 929503997L, -1396996951L, 
1128149380L, 401593284L, -1051357301L, 1526571009L, -1207339623L, 
964186721L, 1036234534L, -1372216913L, -780335498L, 172462751L, 
-610638314L, -480709773L, -850149549L, -609718524L, -1157811633L, 
1776929681L, 406697326L, -755007595L, -1588506428L, 1722675983L, 
-1933361031L, -2080554065L, 2031047965L, 1736288047L, 298024750L, 
1444175811L, 32858764L, 97769798L, 1343990941L, 2040806239L, 
-1022174795L, -1055424666L, 976992724L, -1293028027L, 1677025688L, 
-414686508L, -97682255L, -68951332L, 244892174L, 118454400L, 
